
;;;      0  1  2  3  4  5  6  7     8  9  A  B  C  D  E  F
0000    01 D5 09 01 02 00 07 13     01 1A 17 02 10 00 02 05     ;
0010    00 16 0B 08 41 71 75 61     20 4D 36 30 13 01 60 1D     ;
0020    01 01 1E 01 05 20 01 0B     03 10 00 3A 04 01 0A 0F     ;
0030    01 A0 10 01 01 11 01 67     12 01 0A 13 01 0A 14 01     ;
0040    0A 15 01 0A 17 01 67 19     01 3E 1B 01 4C 1C 01 00     ;
0050    1E 01 05 20 01 04 21 01     02 24 0B 01 00 00 00 00     ;
0060    00 00 07 00 01 00 04 02     00 12 02 0D 02 0A 06 09     ;
0070    09 41 71 75 61 20 4D 36     30 0C 01 01 09 02 00 15     ;
0080    0A 10 21 00 21 00 21 00     21 00 21 00 21 00 16 01     ;
0090    21 00 1F 01 13 0B 01 00     03 0B 01 01 0C 03 00 66     ;
00A0    01 04 14 06 FF 00 02 08     90 29 00 00 8F F9 15 C3     ;
00B0    04 54 3E 06 50 79 82 25     E6 68 3C 83 C2 26 83 A7     ;
00C0    ED 1D 3F A6 ED 0F 80 59     C6 1F 3F 99 AB F3 80 67     ;

;;;      0  1  2  3  4  5  6  7     8  9  A  B  C  D  E  F
00D0    07 29 3F 1E A9 2E 80 EC     7D 9E 3F 17 FB 9F 80 F3     ;
00E0    2A 97 3F 33 1B 99 80 CF     AE 95 3F 7B 13 D6 80 87     ;
00F0    B7 EB 3A A9 14 D7 85 6F     20 B0 3D C9 57 2F 82 4F     ;
0100    7C 4A 81 96 C2 73 0D 02     00 09 09 01 00 01 04 3F     ;
0110    61 09 86 0E 01 00 C0 01     BE 01 00 00 1F 00 5B EB     ;
0120    5F 00 01 00 00 00 01 00     00 10 10 08 60 01 00 00     ;
0130    1F 00 2D EB 5F 00 01 00     00 00 01 00 00 10 10 08     ;
0140    60 01 00 00 1F 00 0F EB     5F 00 01 00 00 00 01 00     ;
0150    00 10 10 08 60 01 00 00     1F 00 0F EB 5F 00 01 00     ;
0160    00 00 01 00 00 10 10 08     60 01 00 00 1F 00 07 EB     ;
0170    5F 00 01 00 00 00 01 00     00 10 10 08 60 01 00 00     ;
0180    1F 00 07 EB 5F 00 01 00     00 00 01 00 00 10 10 08     ;
0190    60 12 03 A0 1A 78 12 03     A0 1A 78 11 03 F4 1E 78     ;
01A0    12 03 E9 06 78 11 03 F4     1E 78 12 03 E9 06 78 01     ;
01B0    00 00 1F 00 0F EB 5F 00     01 00 00 00 01 00 00 10     ;
01C0    10 08 60 01 00 00 1F 00     0F EB 5F 00 01 00 00 00     ;
01D0    01 00 00 10 10 08 60         ;
